0
0
0
0
0
0
0
0
0
0
0
0
0
0
0
0
0
0
0
0
0
0
0
0
0
0
0
0
0
0
0
0
0
0
0
0
0
0
0
0
0
0
0
0
0
0
0
0
0
0
0
0
0
0
0
0
0
0
0
0
0
0
0
0
0
0
0
0
0
0
0
0
0
0
0
0
0
0
0
0
0
0
0
0
0
0
0
0
0
0
0
0
0
0
0
0
0
0
0
0
0
0
0
0
0
0
0
0
0
0
0
0
0
0
0
0
0
0
0
0
0
0
0
0
0
0
0
0
0
0
0
0
0
0
0
0
0
0
0
0
0
0
0
0
0
0
0
0
0
0
0
0
0
0
0
0
0
0
0
0
0
0
0
0
0
0
0
0
0
0
0
0
0
0
0
0
0
0
0
0
0
0
0
0
0
0
0
0
0
0
0
0
0
0
0
0
0
0
0
0
0
0
0
0
0
0
0
0
0
0
0
0
0
0
0
0
0
0
0
0
0
0
0
0
0
0
0
0
0
0
0
0
0
1
0
2
1
2
1
3
1
3
4
9
5
9
10
10
8
12
26
24
33
36
36
52
52
62
94
103
136
174
181
242
284
329
390
472
556
656
738
917
1053
1193
1473
1622
1964
2297
2559
3044
3486
4020
4740
5361
6203
7163
8159
9455
10801
12416
14338
16243
18475
21325
24212
27635
31432
35854
40788
46029
51946
59485
66679
75653
85068
95832
108188
121443
136235
153841
172405
193592
215801
241055
270478
302452
336725
375960
418917
466385
518415
576118
639981
709610
786758
871771
964909
1064665
1178476
1298976
1433052
1581283
1737387
1913740
2104704
2311331
2536618
2781091
3043720
3338925
3652939
3992618
4361761
4759492
5195130
5661372
6161357
6714886
7298806
7929745
8612612
9339999
10124613
10970878
11880508
12855579
13895967
15006840
16204057
17477323
18822534
20284211
21836253
23482304
25231040
27097553
29080541
31181584
33415558
35794366
38292329
40953334
43751995
46714877
49859931
53164304
56640552
60330135
64183897
68241777
72488790
76976083
81672384
86603111
91760165
97176294
102781286
108696406
114841035
121249919
127926997
134877620
142118949
149630291
157435630
165527578
173915205
182587259
191587284
200884608
210474948
220370158
230566846
241030378
251888944
262933634
274404168
286065623
298036220
310366494
322891202
335689258
348775407
362087447
375745388
389530691
403616181
417869118
432320138
446991670
461791268
476760087
491868388
507102299
522439840
537876555
553363730
568842440
584400292
599953218
615485847
630978487
646287700
661627139
676764363
691827485
706637304
721334351
735797271
749905617
763795291
777394670
790642003
803569996
816043621
828280463
839889291
851144109
861901896
872167547
881878212
891071564
899696812
907805191
915178698
921997450
928182361
933804142
938574681
942818046
946382490
949253320
951240322
952695486
953492823
953490404
952731215
951310985
949215571
946304718
942779691
938556755
933662074
927997013
921725462
914796099
907281051
899007220
890241018
880902163
870917316
860382477
849384944
837824366
825881256
813319545
800455173
787153700
773459401
759377188
745051545
730399302
715401113
700199566
684843970
669287396
653501950
637589151
621645865
605545200
589387472
573261572
557084911
540954191
524855504
508883294
492953054
477106425
461414997
445897219
430550494
415335101
400411904
385673842
371137098
356882834
342907517
329198868
315788560
302623504
289801125
277283000
265064505
253172299
241641228
230424001
219535442
208958234
198761881
188883686
179334384
170120414
161246332
152701516
144457961
136557650
128983664
121709112
114724779
108080126
101712509
95626106
89819375
84309286
79048962
74037105
69281200
64785014
60510988
56472164
52647403
49048432
45626607
42412972
39385972
36550648
33878734
31354474
28996018
26798201
24736342
22802123
21003179
19338067
17764070
16315958
14960591
13708546
12540712
11468833
10469062
9555588
8700628
7914199
7195665
6535210
5925887
5367061
4853743
4385007
3956750
3567303
3206703
2885026
2590564
2321629
2081284
1859151
1658141
1478646
1318440
1170936
1039793
921959
816669
721230
636808
562149
494846
434153
381143
333075
291971
253774
222598
192979
167358
145856
125759
108766
93563
80775
69385
59326
50781
43636
37215
31656
26859
22599
19270
16238
13720
11390
9519
8201
6617
5589
4660
3860
3246
2615
2261
1795
1446
1197
963
816
646
510
386
342
261
233
177
132
92
78
63
48
39
33
23
11
8
13
12
3
5
2
0
2
2
3
0
1
0
0
0
0
0
0
0
0
0
0
0
0
0
0
0
0
0
0
0
0
0
0
0
0
0
0
0
0
0
0
0
0
0
0
0
0
0
0
0
0
0
0
0
0
0
0
0
0
0
0
0
0
0
0
0
0
0
0
0
0
0
0
0
0
0
0
0
0
0
0
0
0
0
0
0
0
0
0
0
0
0
0
0
0
0
0
0
0
0
0
0
0
0
0
0
0
0
0
0
0
0
0
0
0
0
0
0
0
0
0
0
0
0
0
0
0
0
0
0
0
0
0
0
0
0
0
0
0
0
0
0
0
0
0
0
0
0
0
0
0
0
0
0
0
0
0
0
0
0
0
0
0
0
0
0
0
0
0
0
0
0
0
0
0
0
0
0
0
0
0
0
0
0
0
0
0
0
0
0
0
0
0
0
0
0
0
0
0
0
0
0
0
0
0
0
0
0
0
0
0
0
0
0
0
0
0
0
0
0
0
0
0
0
0
0
0
0
0
0
0
0
0
0
0
0
0
0
0
0
0
0
0
0
0
0
0
0
0
0
0
0
0
0
0
0
0
0
0
0
0
0
0
0
0
0
0
0
0
0
0
0
0
0
0
0
0
0
0
0
0
0
0
0
0
0
0
0
0
0
0
0
0
0
0
0
0
0
0
0
0
0
0
0
0
0
0
0
0
0
0
0
0
0
0
0
0
0
0
0
0
0
0
0
0
0
0
0
0
0
0
0
0
0
0
0
0
0
0
0
0
0
0
0
0
0
0
0
0
0
0
0
0
0
0
0
0
0
0
0
0
0
0
0
0
0
0
0
0
0
0
0
0
0
0
0
0
0
0
0
0
0
0
0
0
0
0
0
0
0
0
0
0
0
0
0
0
0
0
0
0
0
0
0
0
0
0
0
0
0
0
0
0
0
0
0
0
0
0
0
0
0
0
0
0
0
0
0
0
0
0
0
0
0
0
0
0
0
0
0
0
0
0
0
0
0
0
0
0
0
0
0
0
0
0
0
0
0
0
0
0
0
0
0
0
0
0
0
0
0
0
0
0
0
0
0
0
0
0
0
0
0
0
0
0
0
0
0
0
0
0
0
0
0
0
0
0
0
0
0
0
0
0
0
0
0
0
0
0
0
0
0
0
0
0
0
0
0
0
0
0
0
0
0
0
0
0
0
0
0
0
0
0
0
0
0
0
0
0
0
0
0
0
0
0
0
0
0
0
0
0
0
0
0
0
0
0
0
0
0
0
0
0
0
0
0
0
0
0
0
0
0
0
0
0
0
0
0
0
0
0
0
0
0
0
0
0
0
0
0
0
0
0
0
0
0
0
0
0
0
0
0
0
0
0
0
0
0
0
0
0
0
0
0
0
0
0
0
0
0
0
0
0
0
0
0
0
0
0
0
0
0
0
0
0
0
0
0
0
0
0
0
0
0
0
0
0
0
0
0
0
0
0
0
0
0
0
0
0
0
0
0
0
0
0
0
0
0
0
0
0
0
0
0
0
0
0
0
0
0
0
0
0
0
0
0
0
0
0
0
0
0
0
0
0
0
0
0
0
0
0
0
0
0
0
0
0
0
0
0
0
0
0
0
0
0
0
0
0
0
0
0
0
0
0
0
0
0
0
0
0
0
0
0
0
0
0
0
0
0
0
0
0
0
0
0
0
0
0
0
0
0
0
0
0
0
0
0
0
0
0
0
0
0
0
0
0
0
0
0
0
0
0
0
0
0
0
0
0
0
0
0
0
0
0
0
0
0
0
0
0
0
0
0
0
0
0
0
0
0
0
0
0
0
0
0
0
0
0
0
0
0
0
0
0
0
0
0
0
0
0
0
0
0
0
0
0
0
0
0
0
0
0
0
0
0
0
0
0
0
0
0
0
0
0
0
0
0
0
0
0
0
0
0
0
0
0
0
0
0
0
0
0
0
0
0
0
0
0
0
0
0
0
0
0
0
0
0
0
0
0
0
0
0
0
0
0
0
0
0
0
0
0
0
0
0
0
0
0
0
0
0
0
0
0
0
0
0
0
0
0
0
0
0
0
0
0
0
0
0
0
0
0
0
0
0
0
0
0
0
0
0
0
0
0
0
0
0
0
0
0
0
0
0
0
0
0
0
0
0
0
0
0
0
0
0
0
0
0
0
0
0
0
0
0
0
0
0
0
0
0
0
0
0
0
0
0
0
0
0
0
0
0
0
0
0
0
0
0
0
0
0
0
0
0
0
0
0
0
0
0
0
0
0
0
0
0
0
0
0
0
0
0
0
0
0
0
0
0
0
0
0
0
0
0
0
0
0
0
0
0
0
0
0
0
0
0
0
0
0
0
0
0
0
0
0
0
0
0
0
0
0
0
0
0
0
0
0
0
0
0
0
0
0
0
0
0
0
0
0
0
0
0
0
0
0
0
0
0
0
0
0
0
0
0
0
0
0
0
0
0
0
0
0
0
0
0
0
0
0
0
0
0
0
0
0
0
0
0
0
0
0
0
0
0
0
0
0
0
0
0
0
0
0
0
0
0
0
0
0
0
0
0
0
0
0
0
0
0
0
0
0
0
0
0
0
0
0
0
0
0
0
0
0
0
0
0
0
0
0
0
0
0
0
0
0
0
0
0
0
0
0
0
0
0
0
0
0
0
0
0
0
0
0
0
0
0
0
0
0
0
0
0
0
0
0
0
0
0
0
0
0
0
0
0
0
0
0
0
0
0
0
0
0
0
0
0
0
0
0
0
0
0
0
0
0
0
0
0
0
0
0
0
0
0
0
0
0
0
0
0
0
0
0
0
0
0
0
0
0
0
0
0
0
0
0
0
0
0
0
0
0
0
0
0
