Problem statement
  seed .......... 91153
  n ............. 1
  costs ......... 29
Brute force
  min cost ...... 29
  assignement ... 0
  max cost ...... 29
  assignement ... 0

Problem statement
  seed .......... 91153
  n ............. 2
  costs ......... 18 31
                  50 34
Brute force
  min cost ...... 52
  assignement ... 0 1
  max cost ...... 81
  assignement ... 1 0

Problem statement
  seed .......... 91153
  n ............. 3
  costs ......... 42 37 16
                  30 30 40
                  33 18 39
Brute force
  min cost ...... 64
  assignement ... 2 0 1
  max cost ...... 111
  assignement ... 0 1 2

Problem statement
  seed .......... 91153
  n ............. 4
  costs ......... 23 24 25 41
                  44 38 37 20
                  31 38 21 32
                  19 26 18 25
Brute force
  min cost ...... 84
  assignement ... 1 3 2 0
  max cost ...... 141
  assignement ... 3 0 1 2

Problem statement
  seed .......... 91153
  n ............. 5
  costs ......... 51 43 41 31 35
                  37 59 31 31 24
                  38 41  8 36 51
                  40 36 37 33 23
                  37 54 33 25 27
Brute force
  min cost ...... 136
  assignement ... 1 0 2 4 3
  max cost ...... 227
  assignement ... 0 1 4 3 2

Problem statement
  seed .......... 91153
  n ............. 10
  costs ......... 38 32 48 29 31 29 43 43 46 45
                  30 42 14 19 36 43 39 21 22 45
                  39 31 37 12 12 43 34 42 28 33
                  13 21 37 10 40 25 43 37 51 42
                  49 32 40 32 14 29 38 28 22 41
                  13 37 29 18 30 37 26 45 42 21
                  41 26 37 26 51 24 33 28 37 27
                  37 31 35 22 27 33 43 31 34 45
                  49 38 11 29 29 24 51 46 27 14
                  30 35 29 14 41 47 34 27 19 28
Brute force
  min cost ...... 198
  assignement ... 5 2 3 0 4 6 1 7 9 8
  max cost ...... 451
  assignement ... 2 1 0 8 3 7 4 9 6 5

Problem statement
  seed .......... 91153
  n ............. 11
  costs ......... 23 36 33 52 25 26 29 28 31 43 38
                  31 30 32 25 32 24 31 45 25 36 23
                  44 36 48 26 24 22 10 30 24 42 27
                  34 39 30 30 40 50 32 21 47 18 20
                  34 17 34 31 35 36 19 27 30 20 45
                  35 31 31 52 36 33 35 21 27 50 33
                  40 28 21 27 40 25 43 34 27 26 34
                  28 27 43 45 10 37 23 38 38 27 28
                  33 29 36 42 38 28 34 40 47 25 40
                  28 36 43 48 16 37 18 45 53 32 29
                  31 43 19 30 30 38 55 23 26 34 48
Brute force
  min cost ...... 227
  assignement ... 0 3 5 10 1 7 8 4 9 6 2
  max cost ...... 507
  assignement ... 3 7 0 5 10 9 4 2 8 1 6

Problem statement
  seed .......... 91153
  n ............. 12
  costs ......... 44 39 27 44 26 45 11 29 30 38 34 46
                  44 49 19 45 42 19 41 35 34 32 46 35
                  32 22 10 43 35 47 29 31 36 26 34 47
                  21 36 34 31 46 18 39 55 12 36 21 37
                  37 42 23 32 44 37 42 36 32 34 34 39
                  43 31 34 37 28 50 38 26 16 21 26 41
                  13 28 40 29 42 28 37 31 46 38 23 19
                  39 42 43 24 29 25 40 42 28 31 35 42
                  16 49 37 36 20 53 27 30 36 48 35 47
                  18 24 48 37 49 28  9 31 33 21 30 50
                  11 40 39 18 50 34 27 32 24 33 22 25
                  38 25 35 23 33 32 24 19 39 17 19 49
Brute force
  min cost ...... 224
  assignement ... 6 5 2 8 10 9 11 3 4 1 0 7
  max cost ...... 563
  assignement ... 0 10 3 7 6 5 8 1 9 2 4 11

The end
