0
0
0
0
0
0
0
0
0
0
0
0
0
0
0
0
0
0
0
0
0
0
0
0
0
0
0
0
0
0
0
0
0
0
0
0
0
0
0
0
0
0
0
0
0
0
0
0
0
0
0
0
0
0
0
0
0
0
0
0
0
0
0
0
0
0
0
0
0
0
0
0
0
0
0
0
0
0
0
0
0
0
0
0
0
0
0
0
0
0
0
0
0
0
0
0
0
0
0
0
0
0
0
0
0
0
0
0
0
0
0
0
0
0
0
0
0
0
0
0
0
0
0
0
0
0
0
0
0
0
0
0
0
0
0
0
0
0
0
0
0
0
0
0
0
0
0
0
0
0
0
0
0
0
0
0
0
0
0
0
0
0
0
0
0
0
0
0
0
0
0
0
0
0
0
0
0
0
0
0
0
0
0
0
0
0
0
0
0
0
0
0
0
0
0
0
0
0
0
0
0
0
0
0
0
0
0
0
0
0
0
0
0
1
2
0
0
0
2
4
5
4
7
10
14
20
19
18
29
30
46
61
85
91
111
137
171
227
247
326
367
461
558
737
803
953
1119
1402
1692
1912
2222
2602
3122
3630
4245
4961
5706
6614
7731
8988
10307
11642
13384
15491
17698
20314
22998
25853
29592
33269
37968
42980
48131
53947
60944
67930
76471
85596
95730
107279
118882
132829
146572
163721
180777
199878
221331
245255
269637
299069
328388
359857
395290
434059
475204
521215
568200
621775
677545
738942
802712
873612
948093
1029484
1117360
1207372
1308637
1415413
1529424
1652350
1777940
1915820
2064395
2214695
2382837
2562661
2742954
2943904
3148291
3364240
3600157
3840129
4100839
4379329
4659429
4960391
5279229
5610132
5954113
6316321
6701991
7098817
7520293
7950726
8406668
8877441
9370371
9875120
10413775
10964515
11531099
12128686
12733221
13371185
14022015
14701772
15408641
16116275
16851768
17608186
18387740
19202852
20033000
20858762
21734198
22593526
23495358
24395451
25329967
26282736
27245477
28231551
29220972
30211105
31227215
32250629
33287261
34344544
35383239
36442435
37494417
38572636
39630535
40692455
41765560
42831996
43876020
44923107
45949903
46988109
48020959
49028015
50024623
51004650
51959654
52886649
53800960
54681897
55559778
56407335
57252325
58030511
58751630
59471232
60170707
60837063
61454318
62030251
62569198
63083526
63533936
63956053
64335274
64666932
64961564
65212241
65400601
65554486
65671577
65742429
65769935
65742323
65673622
65553518
65392650
65164010
64920048
64622437
64302788
63937008
63507391
63026570
62535710
61982864
61412255
60797564
60153109
59462109
58745375
58010063
57223802
56400953
55581454
54723731
53838208
52918574
51994844
51060892
50105962
49115771
48142153
47129805
46107129
45090080
44050026
43008146
41981408
40942607
39894261
38836487
37794883
36749654
35714265
34679449
33647532
32641429
31614804
30632474
29639646
28657292
27693938
26750598
25814941
24882954
23980957
23089286
22230367
21376161
20543486
19729646
18929430
18155285
17397001
16655533
15935020
15249827
14574466
13910225
13274304
12654828
12055661
11483945
10925481
10390614
9872376
9370727
8896773
8433643
7987330
7565869
7159167
6767465
6386707
6030523
5688047
5366864
5049987
4753474
4472484
4206796
3950011
3708315
3471187
3259100
3050797
2852970
2664837
2490001
2326840
2171085
2024476
1884026
1751563
1633138
1519383
1409539
1306586
1210605
1123216
1040206
959394
887976
820242
757175
699671
642133
590210
545069
500708
459034
420878
386621
353698
324361
296483
271499
247244
226013
206218
187321
170104
154471
140827
127456
115524
105404
94970
85915
77395
69901
63190
56911
51434
45782
40999
37085
33473
29717
26403
23707
21248
18863
16557
14995
13173
11842
10578
9379
8168
7218
6586
5714
4980
4457
3906
3368
2982
2562
2273
1962
1696
1530
1269
1188
1027
871
731
649
587
463
410
385
300
261
205
201
144
135
123
109
93
79
63
51
44
37
29
27
17
20
18
16
10
10
5
6
5
5
5
4
2
0
1
0
1
0
1
1
1
0
0
1
0
0
0
0
0
0
0
0
0
0
0
0
0
0
0
0
0
0
0
0
0
0
0
0
0
0
0
0
0
0
0
0
0
0
0
0
0
0
0
0
0
0
0
0
0
0
0
0
0
0
0
0
0
0
0
0
0
0
0
0
0
0
0
0
0
0
0
0
0
0
0
0
0
0
0
0
0
0
0
0
0
0
0
0
0
0
0
0
0
0
0
0
0
0
0
0
0
0
0
0
0
0
0
0
0
0
0
0
0
0
0
0
0
0
0
0
0
0
0
0
0
0
0
0
0
0
0
0
0
0
0
0
0
0
0
0
0
0
0
0
0
0
0
0
0
0
0
0
0
0
0
0
0
0
0
0
0
0
0
0
0
0
0
0
0
0
0
0
0
0
0
0
0
0
0
0
0
0
0
0
0
0
0
0
0
0
0
0
0
0
0
0
0
0
0
0
0
0
0
0
0
0
0
0
0
0
0
0
0
0
0
0
0
0
0
0
0
0
0
0
0
0
0
0
0
0
0
0
0
0
0
0
0
0
0
0
0
0
0
0
0
0
0
0
0
0
0
0
0
0
0
0
0
0
0
0
0
0
0
0
0
0
0
0
0
0
0
0
0
0
0
0
0
0
0
0
0
0
0
0
0
0
0
0
0
0
0
0
0
0
0
0
0
0
0
0
0
0
0
0
0
0
0
0
0
0
0
0
0
0
0
0
0
0
0
0
0
0
0
0
0
0
0
0
0
0
0
0
0
0
0
0
0
0
0
0
0
0
0
0
0
0
0
0
0
0
0
0
0
0
0
0
0
0
0
0
0
0
0
0
0
0
0
0
0
0
0
0
0
0
0
0
0
0
0
0
0
0
0
0
0
0
0
0
0
0
0
0
0
0
0
0
0
0
0
0
0
0
0
0
0
0
0
0
0
0
0
0
0
0
0
0
0
0
0
0
0
0
0
0
0
0
0
0
0
0
0
0
0
0
0
0
0
0
0
0
0
0
0
0
0
0
0
0
0
0
0
0
0
0
0
0
0
0
0
0
0
0
0
0
0
0
0
0
0
0
0
0
0
0
0
0
0
0
0
0
0
0
0
0
0
0
0
0
0
0
0
0
0
0
0
0
0
0
0
0
0
0
0
0
0
0
0
0
0
0
0
0
0
0
0
0
0
0
0
0
0
0
0
0
0
0
0
0
0
0
0
0
0
0
0
0
0
0
0
0
0
0
0
0
0
0
0
0
0
0
0
0
0
0
0
0
0
0
0
0
0
0
0
0
0
0
0
0
0
0
0
0
0
0
0
0
0
0
0
0
0
0
0
0
0
0
0
0
0
0
0
0
0
0
0
0
0
0
0
0
0
0
0
0
0
0
0
0
0
0
0
0
0
0
0
0
0
0
0
0
0
0
0
0
0
0
0
0
0
0
0
0
0
0
0
0
0
0
0
0
0
0
0
0
0
0
0
0
0
0
0
0
0
0
0
0
0
0
0
0
0
0
0
0
0
0
0
0
0
0
0
0
0
0
0
0
0
0
0
0
0
0
0
0
0
0
0
0
0
0
0
0
0
0
0
0
0
0
0
0
0
0
0
0
0
0
0
0
0
0
0
0
0
0
0
0
0
0
0
0
0
0
0
0
0
0
0
0
0
0
0
0
0
0
0
0
0
0
0
0
0
0
0
0
0
0
0
0
0
0
0
0
0
0
0
0
0
0
0
0
0
0
0
0
0
0
0
0
0
0
0
0
0
0
0
0
0
0
0
0
0
0
0
0
0
0
0
0
0
0
0
0
0
0
0
0
0
0
0
0
0
0
0
0
0
0
0
0
0
0
0
0
0
0
0
0
0
0
0
0
0
0
0
0
0
0
0
0
0
0
0
0
0
0
0
0
0
0
0
0
0
0
0
0
0
0
0
0
0
0
0
0
0
0
0
0
0
0
0
0
0
0
0
0
0
0
0
0
0
0
0
0
0
0
0
0
0
0
0
0
0
0
0
0
0
0
0
0
0
0
0
0
0
0
0
0
0
0
0
0
0
0
0
0
0
0
0
0
0
0
0
0
0
0
0
0
0
0
0
0
0
0
0
0
0
0
0
0
0
0
0
0
0
0
0
0
0
0
0
0
0
0
0
0
0
0
0
0
0
0
0
0
0
0
0
0
0
0
0
0
0
0
0
0
0
0
0
0
0
0
0
0
0
0
0
0
0
0
0
0
0
0
0
0
0
0
0
0
0
0
0
0
0
0
0
0
0
0
0
0
0
0
0
0
0
0
0
0
0
0
0
0
0
0
0
0
0
0
0
0
0
0
0
0
0
0
0
0
0
0
0
0
0
0
0
0
0
0
0
0
0
0
0
0
0
0
0
0
0
0
0
0
0
0
0
0
0
0
0
0
0
0
0
0
0
0
0
0
0
0
0
0
0
0
0
0
0
0
0
0
0
0
0
0
0
0
0
0
0
0
0
0
0
0
0
0
0
0
0
0
0
0
0
0
0
0
0
0
0
0
0
0
0
0
0
0
0
0
0
0
0
0
0
0
0
0
0
0
0
0
0
0
0
0
0
0
0
0
0
0
0
0
0
0
0
0
0
0
0
0
0
0
0
0
0
0
0
0
0
0
0
0
0
0
0
0
0
0
0
0
0
0
0
0
0
0
0
0
0
0
0
0
0
0
0
0
0
0
0
0
0
0
0
0
0
0
0
0
0
0
0
0
0
0
0
0
0
0
0
0
0
0
0
0
0
0
0
0
0
0
0
0
0
0
0
0
0
0
0
0
0
0
0
0
0
0
0
0
0
0
0
0
0
0
0
0
0
0
0
0
0
0
0
0
0
0
0
0
0
0
0
0
0
0
0
0
0
0
0
0
0
0
0
0
0
0
0
0
0
0
0
0
0
0
0
0
0
0
0
0
0
0
