0
0
0
0
0
0
0
0
0
0
0
0
0
0
0
0
0
0
0
0
0
0
0
0
0
0
0
0
0
0
0
0
0
0
0
0
0
0
0
0
0
0
0
0
0
0
0
0
0
0
0
0
0
0
0
0
0
0
0
0
0
0
0
0
0
0
0
0
0
0
0
0
0
0
0
0
0
0
0
0
0
0
0
0
0
0
0
0
0
0
0
0
0
0
0
0
0
0
0
0
0
0
0
0
0
0
0
0
0
0
0
0
0
0
0
0
0
0
0
0
0
0
0
0
0
0
0
0
0
0
0
0
0
0
0
0
0
0
0
0
0
0
0
0
0
0
0
0
0
0
0
0
0
0
0
0
0
0
0
0
0
0
0
0
0
0
0
0
0
0
0
0
0
0
0
0
0
0
0
0
0
0
0
0
0
0
0
0
0
0
0
0
0
0
0
0
0
0
0
0
0
0
0
0
0
0
0
0
0
0
0
0
0
0
0
0
0
0
0
0
0
0
0
0
0
0
0
0
0
0
0
0
0
0
0
0
0
0
0
0
0
0
0
0
0
0
0
0
0
0
0
1
0
0
0
0
2
1
2
0
2
6
4
4
2
9
7
15
25
16
28
32
46
48
48
87
95
146
170
207
203
268
398
407
528
579
728
952
1107
1375
1516
1771
2187
2783
3142
3638
4257
5042
6143
6972
8236
9606
11192
13367
15191
17583
20457
23561
27580
31568
36084
41680
48258
55388
63292
71860
81783
93518
106660
122122
137916
156380
177655
201034
226727
255967
287983
323808
365366
409774
458242
513926
574478
642717
716761
798178
887842
987842
1099717
1222155
1354286
1497067
1657973
1829140
2020768
2229262
2456942
2704512
2970078
3266114
3579551
3925303
4297503
4705469
5146482
5610956
6126812
6680689
7278534
7922537
8612174
9350455
10145836
11001267
11918979
12906447
13963913
15084617
16291006
17569841
18943810
20394585
21952635
23618951
25371071
27228447
29215370
31320402
33547508
35894440
38382377
41031260
43797024
46728969
49838828
53086078
56514730
60130188
63890813
67874275
72027958
76436367
81004601
85789334
90783223
96022856
101463638
107154223
113083963
119247746
125678534
132349111
139280471
146465577
153917819
161632983
169636859
177881810
186418079
195222007
204329736
213695926
223319308
233243659
243410172
253845324
264617530
275616648
286859904
298371288
310121466
322127659
334385010
346901416
359591281
372525556
385642742
399003022
412465559
426160656
440034569
454024876
468137155
482348106
496688982
511040928
525546872
540099587
554666695
569178679
583760554
598241413
612767180
627150177
641457767
655681492
669704550
683566646
697324772
710818794
724039452
737158854
749910604
762356345
774494600
786334211
797736015
808807159
819486150
829664152
839410920
848758886
857600077
865837332
873733152
880991620
887668505
893836608
899441605
904435517
908830799
912604597
915785307
918279257
920243632
921452382
922057452
922055023
921358863
920049117
918143310
915504014
912247948
908405739
903902058
898875788
893195719
886880007
879980970
872625165
864649599
856088103
847045701
837456310
827482737
816987469
806094334
794620129
782898979
770770314
758298239
745435958
732300904
718860042
705120373
691245570
677037482
662648645
648118671
633480081
618688819
603760885
588780630
573734527
558743791
543624644
528594021
513574457
498633693
483738564
468950398
454287277
439706495
425314773
411071335
396965969
383085873
369398299
355967659
342699187
329726252
316944352
304481748
292270451
280306773
268656450
257264783
246172465
235356801
224860092
214668564
204749865
195139043
185847933
176837328
168154194
159731475
151633930
143838787
136305837
129077051
122144600
115447849
109075414
102938763
97081224
91458651
86119919
81009240
76117152
71517743
67084133
62897912
58908040
55131773
51548326
48169045
44952162
41922242
39051814
36348212
33810243
31424428
29166405
27048890
25072680
23212494
21471682
19839264
18321918
16897013
15576477
14337240
13178770
12113465
11126131
10200467
9345511
8550172
7817663
7142736
6521917
5943605
5410884
4921677
4474475
4063802
3681347
3337841
3019662
2732614
2466061
2224882
2003164
1802786
1622434
1456592
1305177
1170246
1044981
936451
835363
744185
662738
590239
524096
465602
412880
364178
323851
285737
251962
221331
194595
171067
150307
132033
114918
99901
87470
76187
66543
57446
49821
43080
37499
32166
27757
23780
20439
17876
15075
12996
10893
9339
8022
6782
5731
4796
4028
3374
2879
2412
2069
1714
1398
1195
1003
780
709
548
465
392
305
223
185
159
145
121
72
61
44
44
44
28
19
14
17
12
11
3
7
4
2
1
2
0
3
2
0
0
0
0
0
1
0
0
0
0
0
0
0
0
0
0
0
0
0
0
0
0
0
0
0
0
0
0
0
0
0
0
0
0
0
0
0
0
0
0
0
0
0
0
0
0
0
0
0
0
0
0
0
0
0
0
0
0
0
0
0
0
0
0
0
0
0
0
0
0
0
0
0
0
0
0
0
0
0
0
0
0
0
0
0
0
0
0
0
0
0
0
0
0
0
0
0
0
0
0
0
0
0
0
0
0
0
0
0
0
0
0
0
0
0
0
0
0
0
0
0
0
0
0
0
0
0
0
0
0
0
0
0
0
0
0
0
0
0
0
0
0
0
0
0
0
0
0
0
0
0
0
0
0
0
0
0
0
0
0
0
0
0
0
0
0
0
0
0
0
0
0
0
0
0
0
0
0
0
0
0
0
0
0
0
0
0
0
0
0
0
0
0
0
0
0
0
0
0
0
0
0
0
0
0
0
0
0
0
0
0
0
0
0
0
0
0
0
0
0
0
0
0
0
0
0
0
0
0
0
0
0
0
0
0
0
0
0
0
0
0
0
0
0
0
0
0
0
0
0
0
0
0
0
0
0
0
0
0
0
0
0
0
0
0
0
0
0
0
0
0
0
0
0
0
0
0
0
0
0
0
0
0
0
0
0
0
0
0
0
0
0
0
0
0
0
0
0
0
0
0
0
0
0
0
0
0
0
0
0
0
0
0
0
0
0
0
0
0
0
0
0
0
0
0
0
0
0
0
0
0
0
0
0
0
0
0
0
0
0
0
0
0
0
0
0
0
0
0
0
0
0
0
0
0
0
0
0
0
0
0
0
0
0
0
0
0
0
0
0
0
0
0
0
0
0
0
0
0
0
0
0
0
0
0
0
0
0
0
0
0
0
0
0
0
0
0
0
0
0
0
0
0
0
0
0
0
0
0
0
0
0
0
0
0
0
0
0
0
0
0
0
0
0
0
0
0
0
0
0
0
0
0
0
0
0
0
0
0
0
0
0
0
0
0
0
0
0
0
0
0
0
0
0
0
0
0
0
0
0
0
0
0
0
0
0
0
0
0
0
0
0
0
0
0
0
0
0
0
0
0
0
0
0
0
0
0
0
0
0
0
0
0
0
0
0
0
0
0
0
0
0
0
0
0
0
0
0
0
0
0
0
0
0
0
0
0
0
0
0
0
0
0
0
0
0
0
0
0
0
0
0
0
0
0
0
0
0
0
0
0
0
0
0
0
0
0
0
0
0
0
0
0
0
0
0
0
0
0
0
0
0
0
0
0
0
0
0
0
0
0
0
0
0
0
0
0
0
0
0
0
0
0
0
0
0
0
0
0
0
0
0
0
0
0
0
0
0
0
0
0
0
0
0
0
0
0
0
0
0
0
0
0
0
0
0
0
0
0
0
0
0
0
0
0
0
0
0
0
0
0
0
0
0
0
0
0
0
0
0
0
0
0
0
0
0
0
0
0
0
0
0
0
0
0
0
0
0
0
0
0
0
0
0
0
0
0
0
0
0
0
0
0
0
0
0
0
0
0
0
0
0
0
0
0
0
0
0
0
0
0
0
0
0
0
0
0
0
0
0
0
0
0
0
0
0
0
0
0
0
0
0
0
0
0
0
0
0
0
0
0
0
0
0
0
0
0
0
0
0
0
0
0
0
0
0
0
0
0
0
0
0
0
0
0
0
0
0
0
0
0
0
0
0
0
0
0
0
0
0
0
0
0
0
0
0
0
0
0
0
0
0
0
0
0
0
0
0
0
0
0
0
0
0
0
0
0
0
0
0
0
0
0
0
0
0
0
0
0
0
0
0
0
0
0
0
0
0
0
0
0
0
0
0
0
0
0
0
0
0
0
0
0
0
0
0
0
0
0
0
0
0
0
0
0
0
0
0
0
0
0
0
0
0
0
0
0
0
0
0
0
0
0
0
0
0
0
0
0
0
0
0
0
0
0
0
0
0
0
0
0
0
0
0
0
0
0
0
0
0
0
0
0
0
0
0
0
0
0
0
0
0
0
0
0
0
0
0
0
0
0
0
0
0
0
0
0
0
0
0
0
0
0
0
0
0
0
0
0
0
0
0
0
0
0
0
0
0
0
0
0
0
0
0
0
0
0
0
0
0
0
0
0
0
0
0
0
0
0
0
0
0
0
0
0
0
0
0
0
0
0
0
0
0
0
0
0
0
0
0
0
0
0
0
0
0
0
0
0
0
0
0
0
0
0
0
0
0
0
0
0
0
0
0
0
0
0
0
0
0
0
0
0
0
0
0
0
0
0
0
0
0
0
0
0
0
0
0
0
0
0
0
0
0
0
0
0
0
0
0
0
0
0
0
0
0
0
0
0
0
0
0
0
0
0
0
0
0
0
0
0
0
0
0
0
0
0
0
0
0
0
0
0
0
0
0
0
0
0
0
0
0
0
0
0
0
0
0
0
0
0
0
0
0
0
0
0
0
0
0
0
0
0
0
0
0
0
0
0
0
0
0
0
0
0
0
0
0
0
0
0
0
0
0
0
0
0
0
0
0
0
0
0
0
0
0
0
0
0
0
0
0
0
0
0
0
0
0
0
0
0
0
0
0
0
0
0
0
0
0
0
0
0
0
0
0
0
0
0
0
0
0
0
0
0
0
0
0
0
0
0
0
0
0
0
0
0
0
0
0
0
0
0
0
0
0
0
0
0
0
0
0
0
0
0
0
0
0
0
0
0
0
0
0
0
0
0
0
0
0
0
0
0
0
0
0
0
0
0
0
0
0
0
0
0
0
0
0
0
0
0
