0
0
0
0
0
0
0
0
0
0
0
0
0
0
0
0
0
0
0
0
0
0
0
0
0
0
0
0
0
0
0
0
0
0
0
0
0
0
0
0
0
0
0
0
0
0
0
0
0
0
0
0
0
0
0
0
0
0
0
0
0
0
0
0
0
0
0
0
0
0
0
0
0
0
0
0
0
0
0
0
0
0
0
0
0
0
0
0
0
0
0
0
0
0
0
0
0
0
0
0
0
0
0
0
0
0
0
0
0
0
0
0
0
0
0
0
0
0
0
0
0
0
0
0
0
0
0
0
0
0
0
0
0
0
0
0
0
0
0
0
0
0
0
0
0
0
0
0
0
0
0
0
0
0
0
0
0
0
0
0
0
0
0
0
0
0
0
0
0
0
0
0
0
0
0
0
0
0
0
0
0
0
0
0
0
0
0
0
0
0
0
0
0
0
0
0
0
0
0
0
0
0
0
0
0
0
0
0
0
0
0
0
0
0
0
0
0
0
0
0
0
0
0
0
0
0
0
0
0
0
0
0
0
0
1
0
0
3
2
1
8
4
7
16
16
21
31
46
56
83
108
123
154
209
263
328
409
542
651
891
1125
1333
1562
1979
2425
3025
3678
4360
5281
6337
7714
9287
11215
13193
15710
18681
22176
26280
30929
36109
42532
50021
58704
68586
79667
92755
107326
124462
144464
165659
191734
219833
252664
290117
331531
379406
433109
492156
560506
634673
720006
813573
918418
1037396
1168485
1313444
1474780
1653797
1850744
2071139
2310154
2576435
2870643
3192235
3542533
3931303
4351940
4812924
5314826
5865321
6462795
7108738
7817070
8581599
9406695
10299990
11268440
12309862
13432734
14640393
15938459
17334274
18818477
20422695
22139235
23969136
25921598
27994770
30211870
32577101
35084956
37747413
40562094
43546969
46700820
50032326
53575636
57298515
61208877
65324835
69661888
74215646
78998525
83998471
89241037
94724410
100458327
106435961
112675698
119178781
125931626
132975212
140267641
147852285
155721533
163851612
172290212
180990465
189985477
199255132
208812326
218664132
228815615
239204580
249855558
260831958
272054126
283523248
295271384
307242922
319500345
331939258
344628951
357540582
370657821
383933219
397427022
411112251
424909994
438862307
452920014
467116551
481391647
495780172
510179602
524588708
539104095
553596843
568062129
582489217
596887831
611206555
625413165
639535808
653475909
667298715
680855536
694283763
707467218
720428131
733059581
745425093
757491477
769242067
780622578
791644243
802252608
812456958
822226432
831578073
840365902
848803185
856665834
864069926
870948881
877191036
883013735
888229274
892824752
896889801
900396516
903284478
905570780
907292540
908353764
908840177
908710609
907923278
906658891
904691213
902191589
899078992
895316221
891051698
886228188
880742602
874791099
868252396
861218925
853690447
845608649
837072186
828118520
818580127
808703863
798368188
787698186
776582811
765170381
753426983
741312624
728882635
716233319
703320256
690165325
676789262
663245253
649502406
635671894
621657195
607547645
593361752
579120315
564795906
550513600
536163249
521882119
507609787
493351642
479221009
465146641
451173092
437291501
423592454
409978138
396594241
383308870
370239749
357378103
344726563
332247251
320043298
308036486
296301850
284788821
273537672
262537044
251819154
241308183
231137743
221165112
211545806
202159177
193069674
184236563
175699001
167392140
159386473
151663774
144190969
136991858
130063367
123402863
116976888
110805721
104881264
99187366
93747808
88550921
83555255
78787193
74246567
69916280
65769105
61831490
58082228
54518479
51142846
47930356
44893972
42017439
39281516
36698923
34252782
31960051
29790453
27752952
25833750
24025562
22319788
20712932
19221063
17815972
16509818
15274254
14126217
13054147
12046716
11116694
10241560
9431500
8687703
7986436
7333730
6733120
6176880
5658194
5184674
4743983
4337538
3962621
3614912
3294076
3007132
2732821
2485849
2260975
2049464
1862655
1687317
1530181
1383345
1250401
1129657
1018628
918893
828358
744973
670601
601565
542192
485678
434730
389003
347762
311495
278310
248906
221001
196047
174951
154924
137800
123115
108598
96033
84311
74874
65647
58290
51540
44838
39511
34841
30081
26992
23219
20449
17749
15585
13597
11763
10152
8770
7639
6581
5824
4914
4186
3558
3203
2668
2273
1993
1672
1378
1226
1035
891
721
611
520
432
391
310
263
217
163
187
116
108
90
58
56
37
40
29
24
19
9
15
3
6
7
5
3
2
0
3
0
1
0
0
0
0
0
0
0
0
0
0
0
0
0
0
0
0
0
0
0
0
0
0
0
0
0
0
0
0
0
0
0
0
0
0
0
0
0
0
0
0
0
0
0
0
0
0
0
0
0
0
0
0
0
0
0
0
0
0
0
0
0
0
0
0
0
0
0
0
0
0
0
0
0
0
0
0
0
0
0
0
0
0
0
0
0
0
0
0
0
0
0
0
0
0
0
0
0
0
0
0
0
0
0
0
0
0
0
0
0
0
0
0
0
0
0
0
0
0
0
0
0
0
0
0
0
0
0
0
0
0
0
0
0
0
0
0
0
0
0
0
0
0
0
0
0
0
0
0
0
0
0
0
0
0
0
0
0
0
0
0
0
0
0
0
0
0
0
0
0
0
0
0
0
0
0
0
0
0
0
0
0
0
0
0
0
0
0
0
0
0
0
0
0
0
0
0
0
0
0
0
0
0
0
0
0
0
0
0
0
0
0
0
0
0
0
0
0
0
0
0
0
0
0
0
0
0
0
0
0
0
0
0
0
0
0
0
0
0
0
0
0
0
0
0
0
0
0
0
0
0
0
0
0
0
0
0
0
0
0
0
0
0
0
0
0
0
0
0
0
0
0
0
0
0
0
0
0
0
0
0
0
0
0
0
0
0
0
0
0
0
0
0
0
0
0
0
0
0
0
0
0
0
0
0
0
0
0
0
0
0
0
0
0
0
0
0
0
0
0
0
0
0
0
0
0
0
0
0
0
0
0
0
0
0
0
0
0
0
0
0
0
0
0
0
0
0
0
0
0
0
0
0
0
0
0
0
0
0
0
0
0
0
0
0
0
0
0
0
0
0
0
0
0
0
0
0
0
0
0
0
0
0
0
0
0
0
0
0
0
0
0
0
0
0
0
0
0
0
0
0
0
0
0
0
0
0
0
0
0
0
0
0
0
0
0
0
0
0
0
0
0
0
0
0
0
0
0
0
0
0
0
0
0
0
0
0
0
0
0
0
0
0
0
0
0
0
0
0
0
0
0
0
0
0
0
0
0
0
0
0
0
0
0
0
0
0
0
0
0
0
0
0
0
0
0
0
0
0
0
0
0
0
0
0
0
0
0
0
0
0
0
0
0
0
0
0
0
0
0
0
0
0
0
0
0
0
0
0
0
0
0
0
0
0
0
0
0
0
0
0
0
0
0
0
0
0
0
0
0
0
0
0
0
0
0
0
0
0
0
0
0
0
0
0
0
0
0
0
0
0
0
0
0
0
0
0
0
0
0
0
0
0
0
0
0
0
0
0
0
0
0
0
0
0
0
0
0
0
0
0
0
0
0
0
0
0
0
0
0
0
0
0
0
0
0
0
0
0
0
0
0
0
0
0
0
0
0
0
0
0
0
0
0
0
0
0
0
0
0
0
0
0
0
0
0
0
0
0
0
0
0
0
0
0
0
0
0
0
0
0
0
0
0
0
0
0
0
0
0
0
0
0
0
0
0
0
0
0
0
0
0
0
0
0
0
0
0
0
0
0
0
0
0
0
0
0
0
0
0
0
0
0
0
0
0
0
0
0
0
0
0
0
0
0
0
0
0
0
0
0
0
0
0
0
0
0
0
0
0
0
0
0
0
0
0
0
0
0
0
0
0
0
0
0
0
0
0
0
0
0
0
0
0
0
0
0
0
0
0
0
0
0
0
0
0
0
0
0
0
0
0
0
0
0
0
0
0
0
0
0
0
0
0
0
0
0
0
0
0
0
0
0
0
0
0
0
0
0
0
0
0
0
0
0
0
0
0
0
0
0
0
0
0
0
0
0
0
0
0
0
0
0
0
0
0
0
0
0
0
0
0
0
0
0
0
0
0
0
0
0
0
0
0
0
0
0
0
0
0
0
0
0
0
0
0
0
0
0
0
0
0
0
0
0
0
0
0
0
0
0
0
0
0
0
0
0
0
0
0
0
0
0
0
0
0
0
0
0
0
0
0
0
0
0
0
0
0
0
0
0
0
0
0
0
0
0
0
0
0
0
0
0
0
0
0
0
0
0
0
0
0
0
0
0
0
0
0
0
0
0
0
0
0
0
0
0
0
0
0
0
0
0
0
0
0
0
0
0
0
0
0
0
0
0
0
0
0
0
0
0
0
0
0
0
0
0
0
0
0
0
0
0
0
0
0
0
0
0
0
0
0
0
0
0
0
0
0
0
0
0
0
0
0
0
0
0
0
0
0
0
0
0
0
0
0
0
0
0
0
0
0
0
0
0
0
0
0
0
0
0
0
0
0
0
0
0
0
0
0
0
0
0
0
0
0
0
0
0
0
0
0
0
0
0
0
0
0
0
0
0
0
0
0
0
0
0
0
0
0
0
0
0
0
0
0
0
0
0
0
0
0
0
0
0
0
0
0
0
0
0
0
0
0
0
0
0
0
0
0
0
0
0
0
0
0
0
0
0
0
0
0
0
0
0
0
0
0
0
0
0
0
0
0
0
0
0
0
0
0
0
0
0
0
0
0
0
0
0
0
0
0
0
0
0
0
0
0
0
0
0
0
0
0
0
0
0
0
0
0
0
0
0
0
0
0
0
0
0
0
0
0
0
0
0
0
0
0
0
0
0
0
0
0
0
0
0
0
0
0
0
0
0
0
0
0
0
0
0
0
0
0
0
0
0
0
0
0
0
0
0
0
0
0
0
0
0
0
0
0
0
0
0
0
0
0
0
0
0
0
0
0
0
0
0
0
0
0
0
0
0
0
0
0
0
0
0
0
0
0
0
0
0
0
0
0
0
0
0
0
0
0
0
0
0
0
0
0
0
0
0
0
0
0
0
0
0
0
0
0
0
0
0
0
0
0
0
0
0
0
