0
0
0
0
0
0
0
0
0
0
0
0
0
0
0
0
0
0
0
0
0
0
0
0
0
0
0
0
0
0
0
0
0
0
0
0
0
0
0
0
0
0
0
0
0
0
0
0
0
0
0
0
0
0
0
0
0
0
0
0
0
0
0
0
0
0
0
0
0
0
0
0
0
0
0
0
0
0
0
0
0
0
0
0
0
0
0
0
0
0
0
0
0
0
0
0
0
0
0
0
0
0
0
0
0
0
0
0
0
0
0
0
0
0
0
0
0
0
0
0
0
0
0
0
0
0
0
0
0
0
0
0
0
0
0
0
0
0
0
0
0
0
0
0
0
0
0
0
0
0
0
0
0
0
0
0
0
0
0
0
0
0
0
0
0
0
0
0
0
0
0
0
0
0
0
0
0
0
0
0
0
0
0
0
0
0
0
0
0
0
0
0
0
0
0
0
0
0
0
0
0
0
0
0
0
0
0
0
0
0
0
0
0
0
0
0
0
0
0
0
0
0
0
0
1
0
1
0
0
3
3
1
1
10
5
4
7
11
7
15
23
34
48
54
49
61
103
101
140
187
161
233
319
333
422
550
556
698
880
1008
1132
1321
1562
1849
2187
2518
2892
3382
4060
4745
5235
6017
7054
8057
9308
10725
12239
13872
16006
18038
20685
23770
26729
30010
34186
38683
43223
49194
55567
61826
70260
78755
87882
99013
110040
122934
136779
153715
170242
189706
210243
232776
258552
285321
315271
348403
384118
422787
466322
511723
561940
617731
675071
740382
809989
885229
965886
1054569
1145780
1246692
1358718
1472274
1600315
1734216
1877389
2031390
2195355
2369736
2558176
2755062
2968076
3191137
3428955
3684710
3953963
4234932
4534464
4853583
5185735
5536836
5906652
6297523
6707608
7138190
7585115
8059233
8553675
9067365
9609850
10170893
10759672
11370065
11996897
12655332
13343684
14044986
14775272
15538931
16312255
17123318
17959007
18808214
19683252
20588022
21521321
22461100
23438617
24429589
25455723
26480278
27535619
28610495
29694131
30807167
31928982
33057872
34200723
35373135
36543861
37700461
38880398
40061581
41256529
42443947
43624191
44798090
45962966
47141855
48304959
49450161
50581304
51713293
52812630
53902809
54950340
55992441
57016619
57983969
58935181
59857066
60752871
61587553
62424181
63187366
63933455
64635531
65278043
65871257
66422363
66927778
67371459
67782167
68149804
68444844
68698309
68903223
69041731
69137035
69189282
69163096
69103785
68988786
68824554
68600881
68317771
67977690
67606448
67185132
66691555
66176913
65601110
64976857
64328638
63635275
62886644
62102199
61296588
60443811
59559113
58644961
57690688
56727563
55727263
54689751
53667026
52589201
51512981
50428684
49312451
48199995
47080593
45948327
44781976
43637220
42502183
41358898
40205395
39062039
37923566
36783407
35657427
34540133
33438266
32344405
31263554
30195650
29143333
28112452
27096414
26097196
25103367
24147851
23217075
22291741
21379583
20503640
19653933
18813792
18006526
17210777
16453297
15699009
14970042
14279478
13602746
12943764
12310259
11707193
11115413
10551224
10010847
9484764
8979621
8499886
8035900
7590119
7171106
6762229
6375066
6004732
5651181
5319003
4995540
4690208
4402420
4126055
3865819
3619493
3384083
3161664
2951933
2755418
2568456
2391057
2228135
2072675
1922826
1787253
1657488
1535125
1423019
1317997
1218125
1125223
1038251
955924
881692
809622
745779
685924
629796
576869
528080
484295
442018
404724
368659
336361
306590
279579
254187
231456
209183
189610
172558
156106
140962
127291
114684
103591
93253
84110
74914
68137
60855
54310
48766
43338
38508
34388
31047
27025
24718
21732
19316
17113
15079
13415
11930
10448
8903
8151
7207
6150
5436
4748
4152
3667
3272
2782
2402
2082
1811
1597
1303
1161
1002
895
708
656
575
426
405
370
294
238
226
173
156
126
103
88
76
52
53
48
35
29
27
21
14
21
6
12
2
4
2
4
4
3
3
2
1
1
1
0
0
0
0
0
0
0
1
0
0
0
0
0
0
0
0
0
0
0
0
0
0
0
0
0
0
0
0
0
0
0
0
0
0
0
0
0
0
0
0
0
0
0
0
0
0
0
0
0
0
0
0
0
0
0
0
0
0
0
0
0
0
0
0
0
0
0
0
0
0
0
0
0
0
0
0
0
0
0
0
0
0
0
0
0
0
0
0
0
0
0
0
0
0
0
0
0
0
0
0
0
0
0
0
0
0
0
0
0
0
0
0
0
0
0
0
0
0
0
0
0
0
0
0
0
0
0
0
0
0
0
0
0
0
0
0
0
0
0
0
0
0
0
0
0
0
0
0
0
0
0
0
0
0
0
0
0
0
0
0
0
0
0
0
0
0
0
0
0
0
0
0
0
0
0
0
0
0
0
0
0
0
0
0
0
0
0
0
0
0
0
0
0
0
0
0
0
0
0
0
0
0
0
0
0
0
0
0
0
0
0
0
0
0
0
0
0
0
0
0
0
0
0
0
0
0
0
0
0
0
0
0
0
0
0
0
0
0
0
0
0
0
0
0
0
0
0
0
0
0
0
0
0
0
0
0
0
0
0
0
0
0
0
0
0
0
0
0
0
0
0
0
0
0
0
0
0
0
0
0
0
0
0
0
0
0
0
0
0
0
0
0
0
0
0
0
0
0
0
0
0
0
0
0
0
0
0
0
0
0
0
0
0
0
0
0
0
0
0
0
0
0
0
0
0
0
0
0
0
0
0
0
0
0
0
0
0
0
0
0
0
0
0
0
0
0
0
0
0
0
0
0
0
0
0
0
0
0
0
0
0
0
0
0
0
0
0
0
0
0
0
0
0
0
0
0
0
0
0
0
0
0
0
0
0
0
0
0
0
0
0
0
0
0
0
0
0
0
0
0
0
0
0
0
0
0
0
0
0
0
0
0
0
0
0
0
0
0
0
0
0
0
0
0
0
0
0
0
0
0
0
0
0
0
0
0
0
0
0
0
0
0
0
0
0
0
0
0
0
0
0
0
0
0
0
0
0
0
0
0
0
0
0
0
0
0
0
0
0
0
0
0
0
0
0
0
0
0
0
0
0
0
0
0
0
0
0
0
0
0
0
0
0
0
0
0
0
0
0
0
0
0
0
0
0
0
0
0
0
0
0
0
0
0
0
0
0
0
0
0
0
0
0
0
0
0
0
0
0
0
0
0
0
0
0
0
0
0
0
0
0
0
0
0
0
0
0
0
0
0
0
0
0
0
0
0
0
0
0
0
0
0
0
0
0
0
0
0
0
0
0
0
0
0
0
0
0
0
0
0
0
0
0
0
0
0
0
0
0
0
0
0
0
0
0
0
0
0
0
0
0
0
0
0
0
0
0
0
0
0
0
0
0
0
0
0
0
0
0
0
0
0
0
0
0
0
0
0
0
0
0
0
0
0
0
0
0
0
0
0
0
0
0
0
0
0
0
0
0
0
0
0
0
0
0
0
0
0
0
0
0
0
0
0
0
0
0
0
0
0
0
0
0
0
0
0
0
0
0
0
0
0
0
0
0
0
0
0
0
0
0
0
0
0
0
0
0
0
0
0
0
0
0
0
0
0
0
0
0
0
0
0
0
0
0
0
0
0
0
0
0
0
0
0
0
0
0
0
0
0
0
0
0
0
0
0
0
0
0
0
0
0
0
0
0
0
0
0
0
0
0
0
0
0
0
0
0
0
0
0
0
0
0
0
0
0
0
0
0
0
0
0
0
0
0
0
0
0
0
0
0
0
0
0
0
0
0
0
0
0
0
0
0
0
0
0
0
0
0
0
0
0
0
0
0
0
0
0
0
0
0
0
0
0
0
0
0
0
0
0
0
0
0
0
0
0
0
0
0
0
0
0
0
0
0
0
0
0
0
0
0
0
0
0
0
0
0
0
0
0
0
0
0
0
0
0
0
0
0
0
0
0
0
0
0
0
0
0
0
0
0
0
0
0
0
0
0
0
0
0
0
0
0
0
0
0
0
0
0
0
0
0
0
0
0
0
0
0
0
0
0
0
0
0
0
0
0
0
0
0
0
0
0
0
0
0
0
0
0
0
0
0
0
0
0
0
0
0
0
0
0
0
0
0
0
0
0
0
0
0
0
0
0
0
0
0
0
0
0
0
0
0
0
0
0
0
0
0
0
0
0
0
0
0
0
0
0
0
0
0
0
0
0
0
0
0
0
0
0
0
0
0
0
0
0
0
0
0
0
0
0
0
0
0
0
0
0
0
0
0
0
0
0
0
0
0
0
0
0
0
0
0
0
0
0
0
0
0
0
0
0
0
0
0
0
0
0
0
0
0
0
0
0
0
0
0
0
0
0
0
0
0
0
0
0
0
0
0
0
0
0
0
0
0
0
0
0
0
0
0
0
0
0
0
0
0
0
0
0
0
0
0
0
0
0
0
0
0
0
0
0
0
0
0
0
0
0
0
0
0
0
0
0
0
0
0
0
0
0
0
0
0
0
0
0
0
0
0
0
0
0
0
0
0
0
0
0
0
0
0
0
0
0
0
0
0
0
0
0
0
0
0
0
0
0
0
0
0
0
0
0
0
0
0
0
0
0
0
0
0
0
0
0
0
0
0
0
0
0
0
0
0
0
0
0
0
0
0
0
0
0
0
0
0
0
0
0
0
0
0
0
0
0
0
0
0
0
0
0
0
0
0
0
0
0
0
0
0
0
0
0
0
0
0
0
0
0
0
0
0
0
0
0
0
0
0
0
0
0
0
0
0
0
0
0
0
0
0
0
0
0
0
0
0
0
0
0
0
0
0
0
0
0
0
0
0
0
0
0
0
0
0
0
0
0
0
0
0
0
0
0
0
0
0
0
0
0
0
0
0
0
0
0
0
0
0
0
0
0
0
0
0
0
0
0
0
0
0
0
0
0
0
0
0
0
