Problem statement
  seed .......... 93195
  n ............. 9
  costs ......... 21 16 22 39 28 47 34 44 19
                  41 37 52 28 29 39 31 42 26
                  22 27 52 18 16 36 51 29 37
                  25 24 38 22 26 26 45 43 38
                  21 34 17 34 28 35 48 29 23
                  44 31 18 45 47 42 37 23 31
                  59 34 45 42 34 38 20 32 39
                  27 23 43 23 26 23 21 18 37
                  43 20 41 18 27 35 35 38 25
Brute force
  min cost ...... 179
  assignement ... 1 8 4 5 0 2 6 7 3
  max cost ...... 397
  assignement ... 3 1 2 7 6 4 0 8 5

Problem statement
  seed .......... 93195
  n ............. 10
  costs ......... 35 21 11 27 36 43 30 33 36 25
                  34 29 18 37 37 45 34 13 24 34
                  21 23 19 17 36 33 30 24 33 52
                  54 35 31 32 30 29 24 33 28 37
                  44 35 20 44 20 14 42 18 26 27
                  24 25 26 24 39 39 30 40 50 13
                  24 34 23 34 21 17 43 42 27 27
                  34 30 33 27 39 43 36 33 39 44
                  35 33 23 36 44 38 30 36  8 40
                  41 42 11 27 23 44 41 42 39 14
Brute force
  min cost ...... 173
  assignement ... 1 7 0 6 5 9 4 3 8 2
  max cost ...... 440
  assignement ... 7 5 9 0 3 8 6 2 4 1

Problem statement
  seed .......... 93195
  n ............. 11
  costs ......... 25 37 35 32 21 40 36 25 38 38 38
                  44 37 41 18 31 30 16 33 25 46 12
                  44 30 24 24 27 30 11 37 35 37 35
                  22 48 28 45 12 34 47 46 25 35 25
                  39 36 49 30 32 30 28 28 40 31 15
                   7 47  5 29 31  9 39 21 30 28 48
                  46 21 29 24 21 13 29 14 23 36 30
                  21 45 53 32 30 19 44 14 49 42 33
                  45 30 26 30 21 29 52 29 32 41 12
                  34 30 17 45 32 31 29 33 35 48 40
                  30 39 49 32 13 30 18 26 35 14 50
Brute force
  min cost ...... 185
  assignement ... 4 3 6 8 10 0 5 7 1 2 9
  max cost ...... 497
  assignement ... 5 9 4 7 2 1 0 8 6 3 10

The end
